-2.838044404983520508e+00 -3.016978263854980469e+00 -7.066831588745117188e-01 -6.664921641349792480e-01 -3.646581172943115234e+00 -6.454820036888122559e-01
-2.602132558822631836e+00 -2.173223257064819336e+00 -7.066831588745117188e-01 -6.664921641349792480e-01 -3.646581172943115234e+00 -6.454820036888122559e-01
-2.054889917373657227e+00 -2.558447599411010742e+00 -7.066831588745117188e-01 -6.284026503562927246e-01 -3.646581172943115234e+00 -6.454820036888122559e-01
-5.698913335800170898e-01 -3.079211413860321045e-01 -9.747641086578369141e-01 -5.400466918945312500e-01 -2.475530624389648438e+00 -6.454820036888122559e-01
-5.188852548599243164e-02 6.826817989349365234e-01 -1.472753524780273438e+00 -3.002837300300598145e-01 -3.006462574005126953e+00 -6.073168516159057617e-01
1.332728981971740723e+00 1.786997199058532715e+00 -1.546467661857604980e+00 -7.761738300323486328e-01 -1.700564324855804443e-01 -5.850625634193420410e-01
7.199066281318664551e-01 2.001461505889892578e+00 -1.178648471832275391e+00 -1.877281546592712402e+00 7.470481991767883301e-01 -7.437623739242553711e-01
3.708561658859252930e-01 2.305315971374511719e+00 -4.824845790863037109e-01 -2.203821897506713867e+00 1.415582418441772461e+00 -2.016615390777587891e+00
-6.921936273574829102e-01 2.389430522918701172e+00 1.426522016525268555e+00 -1.205414772033691406e+00 1.497100710868835449e+00 -2.651296615600585938e+00
-8.846457600593566895e-01 3.495191931724548340e-01 9.105155467987060547e-01 6.537131220102310181e-02 1.584360361099243164e+00 -1.359958767890930176e+00
9.471629261970520020e-01 -1.272146224975585938e+00 5.375955104827880859e-01 2.706156671047210693e-01 1.602596998214721680e+00 3.412463366985321045e-01
3.694160580635070801e-01 2.316607981920242310e-01 -1.146955609321594238e+00 1.040019035339355469e+00 4.691931307315826416e-01 6.223699450492858887e-01
-6.498256325721740723e-01 4.440570473670959473e-01 -1.095747947692871094e+00 1.041146278381347656e+00 -1.290133595466613770e+00 1.164808750152587891e+00
1.074238419532775879e-01 1.691601037979125977e+00 1.206031918525695801e+00 -1.288796305656433105e+00 3.631728887557983398e-01 3.916674852371215820e-01
-7.898486256599426270e-01 3.109233975410461426e-01 1.962843388319015503e-01 -1.038162946701049805e+00 5.513641238212585449e-01 -1.288625717163085938e+00
-1.467220783233642578e+00 -7.121487855911254883e-01 -5.182471871376037598e-01 5.370364785194396973e-01 1.374098420143127441e+00 -1.047627210617065430e+00
-1.973679423332214355e+00 -1.379200935363769531e+00 4.358249306678771973e-01 6.487182378768920898e-01 4.349072873592376709e-01 9.119409918785095215e-01
-1.127161741256713867e+00 -3.419353961944580078e-01 -2.232125997543334961e-01 -1.979703009128570557e-01 -6.162524223327636719e-01 7.380890250205993652e-01
6.953258514404296875e-01 -1.585251450538635254e+00 -9.432314038276672363e-01 7.891517877578735352e-01 -1.425276637077331543e+00 -2.795442044734954834e-01
-3.884291052818298340e-01 -2.059512376785278320e+00 -1.777390003204345703e+00 6.413509845733642578e-01 -2.061478346586227417e-01 1.879130154848098755e-01
9.055616259574890137e-01 2.820523977279663086e-01 -1.001420021057128906e+00 -7.591191530227661133e-01 -1.690281629562377930e+00 5.142468810081481934e-01
2.114695459604263306e-01 -4.954452216625213623e-01 3.312065899372100830e-01 -2.939436674118041992e+00 -2.320876598358154297e+00 -6.921866536140441895e-01
-1.215789675712585449e+00 1.094270586967468262e+00 -6.357886791229248047e-01 -7.951629161834716797e-01 4.089833796024322510e-01 -1.422128200531005859e+00
-4.445039033889770508e-01 1.359016418457031250e+00 1.341580033302307129e+00 7.480434775352478027e-01 -3.724358081817626953e-01 -7.799808382987976074e-01
-3.394502699375152588e-01 -5.158182382583618164e-01 2.016178071498870850e-01 -1.500426530838012695e-01 1.043260693550109863e+00 5.482298135757446289e-01
-1.251184582710266113e+00 4.365402460098266602e-01 -1.073065876960754395e+00 4.639911949634552002e-01 1.204790115356445312e+00 -2.121017128229141235e-02
-1.182635188102722168e+00 1.731375336647033691e+00 -1.855615824460983276e-01 6.864371895790100098e-01 -3.949143290519714355e-01 7.680847644805908203e-01
-1.695730924606323242e+00 4.822931438684463501e-02 -1.135495305061340332e-01 -1.190844058990478516e+00 5.449255704879760742e-01 4.884024858474731445e-01
-1.033128738403320312e+00 -8.441240787506103516e-01 -6.299001574516296387e-01 2.980491816997528076e-01 1.391782760620117188e+00 -1.211956858634948730e+00
2.219878584146499634e-01 -1.026106595993041992e+00 -8.154252171516418457e-01 4.808901846408843994e-01 1.904935240745544434e-01 6.070765256881713867e-01
1.287871837615966797e+00 1.829741448163986206e-01 -1.511744737625122070e+00 -3.197371959686279297e-02 -7.696438431739807129e-01 4.892572462558746338e-01
-4.741085767745971680e-01 5.683172941207885742e-01 -1.513815402984619141e+00 -2.143392711877822876e-01 -9.868378043174743652e-01 -1.749790906906127930e-01
-1.638857573270797729e-01 1.402491450309753418e+00 2.236901223659515381e-01 -2.288382291793823242e+00 3.182391226291656494e-01 -3.355169594287872314e-01
1.211310744285583496e+00 5.542459487915039062e-01 1.540429472923278809e+00 -2.244698047637939453e+00 6.553897261619567871e-01 -2.302901983261108398e+00
2.032568216323852539e+00 7.068139314651489258e-01 -1.054661750793457031e+00 1.095317959785461426e+00 1.229073405265808105e+00 -2.395404100418090820e+00
1.323225617408752441e+00 -4.767929613590240479e-01 -1.045430302619934082e+00 5.834061503410339355e-01 6.438398957252502441e-01 1.568528413772583008e+00
-7.311218976974487305e-01 1.083465814590454102e+00 9.150987863540649414e-01 -7.417019009590148926e-01 7.658808827400207520e-01 7.366905212402343750e-01
7.237287163734436035e-01 -7.540712356567382812e-01 2.979240894317626953e+00 -1.051232457160949707e+00 -3.519388139247894287e-01 -7.310166954994201660e-01
8.052435517311096191e-01 -7.299644351005554199e-01 1.291020274162292480e+00 1.001489877700805664e+00 1.036176919937133789e+00 -9.721928834915161133e-01
7.765669226646423340e-01 -1.408891081809997559e+00 -1.129131078720092773e+00 -3.283862352371215820e+00 -6.645884513854980469e-01 1.367689371109008789e+00
2.765792235732078552e-02 -4.216432571411132812e-01 4.128006994724273682e-01 7.017636895179748535e-01 -6.367487311363220215e-01 -2.657164335250854492e+00
8.487520813941955566e-01 7.477766275405883789e-01 7.782691121101379395e-01 -1.134283542633056641e+00 -1.463075160980224609e+00 4.159624874591827393e-01
7.420099973678588867e-01 1.459874033927917480e+00 4.585349857807159424e-01 1.103683233261108398e+00 -2.918033599853515625e-01 -9.087476730346679688e-01
1.081083267927169800e-01 4.098590016365051270e-01 -4.065285623073577881e-01 1.064176559448242188e+00 7.974381446838378906e-01 8.851392269134521484e-01
-1.282419919967651367e+00 1.443093061447143555e+00 8.099781870841979980e-01 9.922493100166320801e-01 1.260142445564270020e+00 1.336855292320251465e+00
-2.031421661376953125e+00 -1.288341730833053589e-01 1.141866087913513184e+00 8.359624445438385010e-02 5.219385027885437012e-01 1.452288389205932617e+00
-2.001617431640625000e+00 5.439830422401428223e-01 6.297052502632141113e-01 6.050370931625366211e-01 1.251172661781311035e+00 1.604195088148117065e-01
-1.240527153015136719e+00 5.489966273307800293e-01 -5.434275865554809570e-01 4.008077085018157959e-01 1.528231240808963776e-02 9.596507549285888672e-01
-7.233395427465438843e-02 1.906691864132881165e-02 -1.132654547691345215e+00 7.772340774536132812e-01 6.353787183761596680e-01 3.618583977222442627e-01
-2.064501047134399414e-01 1.099546909332275391e+00 -1.523440361022949219e+00 6.812983006238937378e-02 6.395159959793090820e-01 9.478822946548461914e-01
1.039826869964599609e+00 -7.773665338754653931e-02 -1.133389949798583984e+00 -1.180965065956115723e+00 1.622020751237869263e-01 1.660648584365844727e-01
-7.099006175994873047e-01 1.340330123901367188e+00 -6.130837202072143555e-01 -2.080197811126708984e+00 1.046706080436706543e+00 -1.150534272193908691e+00
7.781119346618652344e-01 1.232141137123107910e+00 -1.486129015684127808e-01 -1.264106750488281250e+00 6.668259948492050171e-02 -2.355590820312500000e+00
-5.626823902130126953e-01 -6.828810572624206543e-01 8.491537570953369141e-01 8.740077167749404907e-02 1.194156408309936523e+00 -1.217440605163574219e+00
-2.625949680805206299e-01 2.655622959136962891e-01 -6.441810727119445801e-01 5.208789706230163574e-01 1.130285978317260742e+00 2.951264381408691406e-01
-1.430343151092529297e+00 1.392841935157775879e-01 8.410347700119018555e-01 8.745262622833251953e-01 -5.827265381813049316e-01 8.164168000221252441e-01
-1.922179222106933594e+00 -8.700202703475952148e-01 -2.267385423183441162e-01 -3.242095410823822021e-01 3.940709233283996582e-01 5.714425444602966309e-01
3.473939001560211182e-01 -1.275084495544433594e+00 2.120497822761535645e-01 6.101005077362060547e-01 2.773597836494445801e-01 -2.890111804008483887e-01
6.902028322219848633e-01 -9.357538819313049316e-01 -1.428949713706970215e+00 5.810630321502685547e-01 -8.001574277877807617e-01 6.456256508827209473e-01
-7.349383831024169922e-01 -1.344335824251174927e-01 -1.758603930473327637e+00 1.005316019058227539e+00 -1.293818235397338867e+00 2.697832286357879639e-01
-1.580639362335205078e+00 1.118905425071716309e+00 4.584781229496002197e-01 -2.079723358154296875e+00 -8.782052397727966309e-01 3.683179914951324463e-01
-8.370812535285949707e-01 -6.742995977401733398e-01 1.175535321235656738e+00 -3.275587558746337891e+00 9.609105065464973450e-03 -1.653865933418273926e+00
-1.043107628822326660e+00 -8.008899092674255371e-01 -5.699331164360046387e-01 8.396339416503906250e-01 1.059269070625305176e+00 -3.104186773300170898e+00
-4.773601591587066650e-01 -1.432750821113586426e+00 -1.027381896972656250e+00 5.251547694206237793e-01 -5.729311108589172363e-01 1.181301593780517578e+00
8.910645842552185059e-01 -1.712444424629211426e+00 -7.709466218948364258e-01 -4.132532700896263123e-02 -7.190006971359252930e-01 2.985564470291137695e-01
9.516403824090957642e-02 1.189284101128578186e-01 -1.384658217430114746e+00 -7.463678121566772461e-01 -1.493548154830932617e+00 -1.737531423568725586e-01
-1.806874424219131470e-01 -7.157979011535644531e-01 -6.754484772682189941e-01 -3.172387480735778809e-01 -1.856802225112915039e+00 -6.898073554039001465e-01
3.567754626274108887e-01 -1.382441520690917969e+00 9.671294689178466797e-01 -1.860293984413146973e+00 2.581351697444915771e-01 -4.843700528144836426e-01
1.198385477066040039e+00 -7.307447791099548340e-01 -2.019349336624145508e-01 -9.246701002120971680e-02 -6.204451918601989746e-01 -1.846942067146301270e+00
-3.900338411331176758e-01 1.003283262252807617e+00 -7.765234112739562988e-01 1.048063278198242188e+00 -1.429395556449890137e+00 -1.977614462375640869e-01
4.809955134987831116e-02 4.170745611190795898e-01 3.515340685844421387e-01 4.905323684215545654e-01 -6.376479864120483398e-01 3.343265652656555176e-01
-1.329481244087219238e+00 -4.138470888137817383e-01 1.332170724868774414e+00 -3.359185457229614258e-01 9.824228286743164062e-01 2.518285214900970459e-01
-5.227810144424438477e-01 1.182268619537353516e+00 -1.097670942544937134e-01 7.361755371093750000e-01 5.281754136085510254e-01 -2.510760724544525146e-01
5.966736674308776855e-01 6.776355952024459839e-02 4.826408624649047852e-02 4.453973770141601562e-01 -2.833593785762786865e-01 8.638111948966979980e-01
1.112297534942626953e+00 2.982658445835113525e-01 -1.459636330604553223e+00 7.478027939796447754e-01 1.099529623985290527e+00 3.183577060699462891e-01
-6.098580956459045410e-01 1.324360847473144531e+00 -1.063078880310058594e+00 9.694482684135437012e-01 2.093174606561660767e-01 1.084595322608947754e+00
-1.197139620780944824e-01 2.020739078521728516e+00 7.222429513931274414e-01 -2.151276826858520508e+00 4.235708415508270264e-01 9.803689718246459961e-01
2.445001304149627686e-01 1.344441175460815430e-01 1.261881589889526367e+00 -9.949879646301269531e-01 1.184975624084472656e+00 -2.203102827072143555e+00
-6.017975509166717529e-02 -7.332730889320373535e-01 -8.395224213600158691e-01 1.000229239463806152e+00 1.503625273704528809e+00 -1.054558515548706055e+00
8.650726079940795898e-01 -9.710409045219421387e-01 -2.848122715950012207e-01 5.981155633926391602e-01 2.727988958358764648e-01 1.566977381706237793e+00
1.805845379829406738e+00 -1.647444367408752441e+00 -2.090341895818710327e-01 -3.324199914932250977e-01 -6.405624747276306152e-01 6.320179104804992676e-01
1.205805897712707520e+00 -2.307973384857177734e+00 -8.627817630767822266e-01 7.461374402046203613e-01 -9.204475879669189453e-01 -3.866489827632904053e-01
1.585879087448120117e+00 -1.641908645629882812e+00 4.566321074962615967e-01 7.401189208030700684e-01 -1.771440744400024414e+00 3.470924794673919678e-01
-5.565818548202514648e-01 -2.264461994171142578e+00 1.785362124443054199e+00 -2.649494111537933350e-01 -2.660152673721313477e+00 3.434045612812042236e-02
3.027853071689605713e-01 -9.599530696868896484e-01 1.550297498703002930e+00 8.846539855003356934e-01 -1.764196038246154785e+00 -5.433915257453918457e-01
4.333789348602294922e-01 -1.874569892883300781e+00 1.854025363922119141e+00 -1.018067449331283569e-01 -2.600389719009399414e+00 1.070913970470428467e-01
9.630185961723327637e-01 -5.068700313568115234e-01 -8.595433235168457031e-01 3.105866611003875732e-01 -9.071485996246337891e-01 -4.932151436805725098e-01
2.028906792402267456e-01 5.778962969779968262e-01 -1.751753389835357666e-01 -1.251059323549270630e-01 -2.071952581405639648e+00 4.440486803650856018e-02
-4.097810089588165283e-01 1.457465887069702148e+00 2.405923157930374146e-01 -4.813841283321380615e-01 -3.850297331809997559e-01 -4.257602691650390625e-01
-1.089580297470092773e+00 3.304228484630584717e-01 1.146208643913269043e+00 5.170941948890686035e-01 6.632183790206909180e-01 -4.898720979690551758e-01
-1.207536339759826660e+00 9.276258349418640137e-01 4.127267301082611084e-01 7.319799661636352539e-01 1.258861064910888672e+00 6.692724823951721191e-01
-1.725017428398132324e+00 -4.959134459495544434e-01 -1.693988591432571411e-01 5.251903533935546875e-01 4.522823691368103027e-01 1.122670173645019531e+00
-1.287922978401184082e+00 -1.632941126823425293e+00 -5.197412967681884766e-01 6.881152987480163574e-01 9.298025965690612793e-01 6.134772300720214844e-01
-2.010480165481567383e+00 -1.574818015098571777e+00 -7.434075474739074707e-01 3.815937936305999756e-01 -3.729513585567474365e-01 9.523221850395202637e-01
-2.171835422515869141e+00 -1.829278469085693359e+00 -7.598211169242858887e-01 -2.063114345073699951e-01 -1.752468705177307129e+00 2.388475239276885986e-01
4.292769432067871094e-01 -1.698624134063720703e+00 -4.883354306221008301e-01 -6.292240023612976074e-01 -1.676717400550842285e+00 -4.208239912986755371e-01
-6.384320557117462158e-02 -8.220521211624145508e-01 -1.697886109352111816e+00 -2.413270920515060425e-01 -2.011541128158569336e+00 -6.265602111816406250e-01
-1.327139258384704590e+00 -1.787138581275939941e+00 -1.573863983154296875e+00 1.577203273773193359e-01 -1.838607788085937500e+00 -4.663085341453552246e-01
-6.307985782623291016e-01 -6.450324654579162598e-01 7.593527436256408691e-01 -3.027334928512573242e+00 -7.437422275543212891e-01 -2.614044845104217529e-01
-1.570578694343566895e+00 -8.363772183656692505e-02 -3.247471898794174194e-02 -2.508560895919799805e+00 -1.955542802810668945e+00 -2.411835670471191406e+00
-9.009695649147033691e-01 -1.143184542655944824e+00 -7.164521217346191406e-01 6.968487501144409180e-01 -5.396424531936645508e-01 -1.448355078697204590e+00
-8.238964676856994629e-01 -1.158040881156921387e+00 -4.646725356578826904e-01 5.783531665802001953e-01 6.078085675835609436e-02 4.462720453739166260e-01
6.204200983047485352e-01 -2.586108744144439697e-01 -1.097700834274291992e+00 -3.597968220710754395e-01 -1.129841327667236328e+00 5.440278649330139160e-01
4.269985258579254150e-01 -2.467373013496398926e-01 -1.193467140197753906e+00 3.046972453594207764e-01 -1.148162007331848145e+00 -4.465369284152984619e-01
-2.583514451980590820e-01 -8.831236958503723145e-01 -1.070682168006896973e+00 -9.913891553878784180e-01 -1.182328090071678162e-01 -2.008341066539287567e-02
5.242778360843658447e-02 -8.949030041694641113e-01 6.323283910751342773e-01 -1.345587134361267090e+00 -1.058429181575775146e-01 -9.409461021423339844e-01
8.060956597328186035e-01 -4.813709855079650879e-01 2.843492925167083740e-01 -9.856356978416442871e-01 -8.156480789184570312e-01 -1.265225529670715332e+00
1.769616305828094482e-01 -4.411526620388031006e-01 -7.177997827529907227e-01 1.107375860214233398e+00 -8.296021223068237305e-01 -8.783465027809143066e-01
-7.584165930747985840e-01 -1.154607534408569336e+00 -1.866194009780883789e-01 9.556018710136413574e-01 -3.569622337818145752e-01 6.424489617347717285e-01
-4.846244454383850098e-01 -1.699848055839538574e+00 1.048503279685974121e+00 -3.517883121967315674e-01 -3.129959702491760254e-01 7.298554778099060059e-01
4.819841980934143066e-01 -1.206888079643249512e+00 1.764733195304870605e-01 4.924182593822479248e-01 -1.143924593925476074e+00 -3.750853538513183594e-01
1.083041667938232422e+00 6.081913709640502930e-01 -1.039705157279968262e+00 8.772600889205932617e-01 -1.840218067169189453e+00 1.020654886960983276e-01
-2.601974904537200928e-01 9.457922577857971191e-01 -1.019969940185546875e+00 1.049559354782104492e+00 -1.208668708801269531e+00 7.325553148984909058e-02
2.848165482282638550e-02 7.017967104911804199e-02 4.586304724216461182e-01 -9.615210890769958496e-01 6.877961754798889160e-01 4.328092634677886963e-01
9.579349160194396973e-01 1.554463624954223633e+00 1.168371319770812988e+00 -8.681395649909973145e-01 9.426046609878540039e-01 -9.750757217407226562e-01
1.612480878829956055e+00 1.847954511642456055e+00 -7.715445160865783691e-01 1.129473209381103516e+00 2.116386145353317261e-01 -8.839970827102661133e-01
1.728888034820556641e+00 2.062251791357994080e-02 -7.036215662956237793e-01 9.605298638343811035e-01 1.308898687362670898e+00 1.140481472015380859e+00
1.925367116928100586e+00 1.429574847221374512e+00 4.069476127624511719e-01 -5.464893206954002380e-02 1.440412759780883789e+00 1.432619690895080566e+00
2.950789332389831543e-01 -4.266318678855895996e-01 1.342458128929138184e+00 1.083616092801094055e-01 1.637169122695922852e-01 1.567297875881195068e-01
4.553347527980804443e-01 1.628249883651733398e-02 2.095529317855834961e+00 1.013020515441894531e+00 1.243876934051513672e+00 1.154859513044357300e-01
1.096556663513183594e+00 8.936377763748168945e-01 2.381240367889404297e+00 5.912806987762451172e-01 -2.972139418125152588e-01 1.471516132354736328e+00
1.905810713768005371e+00 2.886646091938018799e-01 -2.298687845468521118e-01 -6.164418458938598633e-01 1.594889909029006958e-01 4.403249919414520264e-01
1.035202264785766602e+00 -1.093601584434509277e+00 -3.155559599399566650e-01 -1.205207228660583496e+00 9.055689573287963867e-01 -5.963831543922424316e-01
1.730530977249145508e+00 3.704682588577270508e-01 8.434852957725524902e-01 6.884481310844421387e-01 4.149414598941802979e-01 -1.277549266815185547e+00
1.493901014328002930e+00 -2.910291850566864014e-01 1.910188078880310059e+00 6.946651935577392578e-01 -1.068977832794189453e+00 7.729113698005676270e-01
2.079672336578369141e+00 -8.946260213851928711e-01 5.974733233451843262e-01 1.160595893859863281e+00 4.876244068145751953e-01 2.588170766830444336e-01
6.764357686042785645e-01 3.575817644596099854e-01 1.487434744834899902e+00 -5.630652979016304016e-02 -1.522367894649505615e-01 1.301398038864135742e+00
1.623501300811767578e+00 4.460069239139556885e-01 1.576507091522216797e+00 1.089575171470642090e+00 -8.292737007141113281e-01 -9.592170268297195435e-02
1.112316489219665527e+00 -1.349433884024620056e-02 2.258887767791748047e+00 5.933811664581298828e-01 4.763016104698181152e-01 6.296732425689697266e-01
6.196897625923156738e-01 1.345055341720581055e+00 2.356992810964584351e-01 3.806686401367187500e-01 5.530316829681396484e-01 6.933174133300781250e-01
-6.471605896949768066e-01 -2.045944184064865112e-01 1.807649493217468262e+00 -1.089827418327331543e+00 1.303469240665435791e-01 4.879886507987976074e-01
3.947113454341888428e-01 -1.491728425025939941e-01 1.442459225654602051e+00 8.010943531990051270e-01 1.196856498718261719e+00 -1.057589650154113770e+00
3.760971128940582275e-01 4.487177133560180664e-01 4.078406393527984619e-01 -1.283553987741470337e-01 -6.214879080653190613e-02 1.186600685119628906e+00
-2.916230261325836182e-01 1.902067363262176514e-01 -9.151930809020996094e-01 4.532023668289184570e-01 -5.362540483474731445e-03 -1.483167856931686401e-01
3.681797385215759277e-01 9.319074451923370361e-02 3.631460070610046387e-01 9.184904098510742188e-01 5.553480386734008789e-01 4.053516387939453125e-01
-6.207521557807922363e-01 -1.010070323944091797e+00 1.149955540895462036e-01 -5.747286677360534668e-01 3.249557614326477051e-01 1.071085453033447266e+00
-3.395112156867980957e-01 -2.140427827835083008e-01 -2.610614895820617676e-01 8.540336489677429199e-01 2.336665689945220947e-01 -5.515493750572204590e-01
3.577766418457031250e-01 -1.114879846572875977e+00 3.478012382984161377e-01 7.822673916816711426e-01 -9.674451351165771484e-01 8.752087354660034180e-01
1.538438796997070312e+00 -4.781875312328338623e-01 -8.872950077056884766e-01 5.417395830154418945e-01 -7.190659642219543457e-02 3.549296557903289795e-01
1.655019044876098633e+00 5.027645230293273926e-01 -1.045054793357849121e+00 1.198075175285339355e+00 -1.095043659210205078e+00 4.677211046218872070e-01
1.531621098518371582e+00 6.914402842521667480e-01 -3.473177254199981689e-01 -3.062072694301605225e-01 -3.534685671329498291e-01 5.807360410690307617e-01
1.476150870323181152e+00 1.465966582298278809e+00 1.355823159217834473e+00 -6.849988698959350586e-01 6.010808348655700684e-01 -3.396800160408020020e-01
6.863965988159179688e-01 -5.706194639205932617e-01 1.566906332969665527e+00 6.114951372146606445e-01 7.539039254188537598e-01 -6.657432317733764648e-01
9.451057910919189453e-01 8.962408900260925293e-01 1.634073734283447266e+00 6.127088665962219238e-01 1.263375163078308105e+00 8.040063977241516113e-01
-8.245926350355148315e-02 1.030804514884948730e+00 1.456027507781982422e+00 3.682733476161956787e-01 -4.558434188365936279e-01 9.733585715293884277e-01
-9.883644580841064453e-01 1.875945627689361572e-01 6.577073931694030762e-01 9.731828421354293823e-02 9.074379801750183105e-01 2.055006772279739380e-01
-4.173172712326049805e-01 -1.127567768096923828e+00 1.319024562835693359e+00 2.147497832775115967e-01 1.001107692718505859e+00 2.510547637939453125e-01
-5.332383513450622559e-01 5.892810225486755371e-02 -1.246756613254547119e-01 9.064227938652038574e-01 3.225315809249877930e-01 4.101677834987640381e-01
9.137591719627380371e-01 -1.252376556396484375e+00 -8.600405454635620117e-01 4.588642716407775879e-01 -1.110624670982360840e+00 9.636302590370178223e-01
-9.261527657508850098e-01 -1.019656777381896973e+00 -9.023267030715942383e-01 7.840142250061035156e-01 2.008159458637237549e-01 9.008046984672546387e-02
3.076880872249603271e-01 -1.278379321098327637e+00 -3.742740154266357422e-01 -6.647276878356933594e-01 -1.265379309654235840e+00 7.929002642631530762e-01
1.396648406982421875e+00 -5.444576740264892578e-01 8.314943909645080566e-01 -5.563321709632873535e-01 -9.790323376655578613e-01 -6.443990468978881836e-01
2.060671806335449219e+00 -1.755571722984313965e+00 -1.477184414863586426e+00 5.617460608482360840e-01 -1.297951579093933105e+00 -5.697422027587890625e-01
1.913809180259704590e+00 -1.073768138885498047e+00 -5.451862215995788574e-01 1.257174730300903320e+00 -4.266721904277801514e-01 9.802453219890594482e-02
4.776006340980529785e-01 -1.019669055938720703e+00 9.981673359870910645e-01 -1.796913266181945801e+00 -1.913731217384338379e+00 9.509892463684082031e-01
4.572618007659912109e-01 -7.738240957260131836e-01 2.616489410400390625e+00 1.540295630693435669e-01 -1.044754981994628906e+00 -1.150362730026245117e+00
1.404348731040954590e+00 -7.794263958930969238e-01 2.360149621963500977e+00 9.085422754287719727e-01 -9.790471196174621582e-01 -9.523709118366241455e-02
3.101267218589782715e-01 3.585985600948333740e-01 -1.165628731250762939e-01 -1.970180034637451172e+00 -6.874900460243225098e-01 4.374163150787353516e-01
8.990608453750610352e-01 1.218531131744384766e+00 2.330201119184494019e-01 -1.405560731887817383e+00 -6.940000653266906738e-01 -1.639786958694458008e+00
1.619321107864379883e+00 1.347387671470642090e+00 1.357651948928833008e+00 7.898362278938293457e-01 4.771967530250549316e-01 -1.207919359207153320e+00
1.275030374526977539e+00 8.293709754943847656e-01 -3.912564218044281006e-01 1.165749073028564453e+00 1.121974468231201172e+00 9.024156332015991211e-01
1.952746272087097168e+00 1.572894573211669922e+00 4.799149930477142334e-01 7.055543065071105957e-01 1.198186516761779785e+00 1.606459736824035645e+00
1.428775072097778320e+00 1.464294195175170898e+00 1.344405770301818848e+00 6.277186870574951172e-01 8.587476015090942383e-01 1.067802190780639648e+00
1.338122129440307617e+00 6.120259165763854980e-01 9.755918383598327637e-01 1.208215713500976562e+00 1.318040609359741211e+00 8.573802709579467773e-01
8.626796603202819824e-01 1.902349442243576050e-01 2.127650499343872070e+00 7.315154075622558594e-01 1.262489080429077148e+00 1.753391981124877930e+00
1.716942906379699707e+00 -8.490538597106933594e-01 1.408718943595886230e+00 9.885889887809753418e-01 6.908873915672302246e-01 1.123389959335327148e+00
1.038336038589477539e+00 -8.799065351486206055e-01 9.741070270538330078e-01 -5.910664200782775879e-01 3.249818980693817139e-01 1.204822778701782227e+00
9.013642668724060059e-01 9.324730038642883301e-01 5.106671452522277832e-01 6.040681600570678711e-01 -7.754423022270202637e-01 -5.682728290557861328e-01
-5.853474885225296021e-02 9.764995425939559937e-02 1.867749691009521484e+00 9.957677125930786133e-01 -8.118416666984558105e-01 2.947545945644378662e-01
-1.835543215274810791e-01 1.000612139701843262e+00 1.133398056030273438e+00 9.708160758018493652e-01 9.332287907600402832e-01 5.690242052078247070e-01
-1.436048388481140137e+00 1.318550825119018555e+00 9.824013113975524902e-01 -3.370371758937835693e-01 2.379187494516372681e-01 1.287222981452941895e+00
4.654920399188995361e-01 3.980760276317596436e-01 2.486466765403747559e-01 4.995042979717254639e-01 9.805963635444641113e-01 -3.156301975250244141e-01
1.295062065124511719e+00 -3.731393218040466309e-01 -5.284762978553771973e-01 9.201400876045227051e-01 1.181614160537719727e+00 7.451142072677612305e-01
2.992917597293853760e-01 -1.519612312316894531e+00 -1.756323218345642090e+00 1.120732784271240234e+00 5.117211341857910156e-01 1.328979969024658203e+00
9.666826725006103516e-01 6.728316545486450195e-01 2.468185424804687500e-01 1.525216549634933472e-01 -2.395009994506835938e-01 1.270021319389343262e+00
2.111775577068328857e-01 8.332518935203552246e-01 1.164457678794860840e+00 -2.856418371200561523e+00 -1.605197072029113770e+00 7.373714447021484375e-02
-3.047712147235870361e-02 1.782361388206481934e+00 7.811212539672851562e-02 9.448928236961364746e-01 7.393099665641784668e-01 -1.797719120979309082e+00
-1.097066760063171387e+00 1.416551172733306885e-01 1.021546602249145508e+00 6.988434195518493652e-01 8.616119623184204102e-01 1.176083564758300781e+00
-1.297509551048278809e+00 9.411417245864868164e-01 4.246652424335479736e-01 6.346772313117980957e-01 1.413640379905700684e+00 9.409795999526977539e-01
-1.803845882415771484e+00 6.774787306785583496e-01 2.303458750247955322e-01 6.093105673789978027e-01 2.795916199684143066e-01 1.051553845405578613e+00
5.088985562324523926e-01 2.994046173989772797e-02 -4.976106882095336914e-01 6.778178811073303223e-01 9.393373727798461914e-01 6.455606222152709961e-01
-3.179840743541717529e-01 2.419259101152420044e-01 -1.411479711532592773e+00 9.851715564727783203e-01 7.429643869400024414e-01 9.434797167778015137e-01
1.242619395256042480e+00 9.930323958396911621e-01 -1.370622992515563965e+00 1.021528020501136780e-01 1.727773249149322510e-01 1.223171710968017578e+00
4.036547541618347168e-01 2.084412984549999237e-02 -2.246240153908729553e-02 -1.708829879760742188e+00 3.725625276565551758e-01 1.111833974719047546e-01
-9.103401303291320801e-01 -1.911130249500274658e-01 -6.365372538566589355e-01 -1.725383877754211426e+00 9.754008054733276367e-01 -1.725247979164123535e+00
-8.902491331100463867e-01 -1.094593405723571777e+00 1.726956367492675781e+00 5.855592489242553711e-01 1.639326661825180054e-01 -1.906924486160278320e+00
8.064408302307128906e-01 -1.533783078193664551e+00 5.788183808326721191e-01 -2.233445644378662109e-01 -4.826443642377853394e-02 5.842015743255615234e-01
1.533597946166992188e+00 6.563560962677001953e-01 -1.263871669769287109e+00 8.445468544960021973e-02 -1.070191025733947754e+00 -2.344880253076553345e-01
4.370703101158142090e-01 7.471039891242980957e-01 -1.498319268226623535e+00 1.228900432586669922e+00 -1.623514890670776367e+00 -1.468174457550048828e-01
1.289312958717346191e+00 9.954146146774291992e-01 6.397444605827331543e-01 -1.421101331710815430e+00 7.263005971908569336e-01 3.428365588188171387e-01
2.232550233602523804e-01 6.992715597152709961e-01 1.430900216102600098e+00 -1.962306141853332520e+00 7.969241738319396973e-01 -1.495988130569458008e+00
-1.192701935768127441e+00 -9.902862310409545898e-01 2.381108105182647705e-01 1.012371182441711426e+00 9.770357012748718262e-01 -2.129557371139526367e+00
4.718092679977416992e-01 -1.991772770881652832e+00 1.894812464714050293e+00 2.151554077863693237e-01 7.600139975547790527e-01 1.355231165885925293e+00
-9.882536530494689941e-01 -4.606155455112457275e-01 -9.866525977849960327e-02 9.829060435295104980e-01 -9.435861110687255859e-01 3.558678030967712402e-01
-1.103960752487182617e+00 -1.635197758674621582e+00 -8.369592428207397461e-01 -5.206516385078430176e-01 -2.229304552078247070e+00 5.036195516586303711e-01
-1.307303309440612793e+00 -4.707973599433898926e-01 7.349262237548828125e-01 4.841661751270294189e-01 -3.342260420322418213e-01 -5.922073721885681152e-01
-9.381226897239685059e-01 2.172229737043380737e-01 -5.949949026107788086e-01 -6.778243780136108398e-01 -1.755418896675109863e+00 3.368785977363586426e-01
8.571282625198364258e-01 -1.184610486030578613e+00 -7.984064221382141113e-01 8.059901595115661621e-01 -3.453671932220458984e-01 -6.510056853294372559e-01
-8.343212306499481201e-02 -2.062118291854858398e+00 -1.536270022392272949e+00 1.315093785524368286e-01 3.499166369438171387e-01 6.074035763740539551e-01
-1.231381297111511230e+00 -1.644991338253021240e-01 -9.790156483650207520e-01 -4.010851979255676270e-01 -1.181022882461547852e+00 1.765163987874984741e-01
-3.159716725349426270e-01 -1.868183910846710205e-01 1.279984831809997559e+00 -2.486900091171264648e+00 -2.324408054351806641e+00 -4.768207371234893799e-01
-1.405188083648681641e+00 1.388464570045471191e+00 -1.603630632162094116e-01 -8.285512328147888184e-01 -2.098886109888553619e-02 -1.265843272209167480e+00
3.156977295875549316e-01 4.324920475482940674e-01 -7.176067233085632324e-01 3.615650832653045654e-01 -4.385099187493324280e-02 -7.969217300415039062e-01
-9.256507158279418945e-01 2.076458036899566650e-01 -6.045437455177307129e-01 6.502346992492675781e-01 1.221308588981628418e+00 3.091515600681304932e-01
8.608418107032775879e-01 1.220131516456604004e+00 -9.799003601074218750e-01 -3.784219622611999512e-01 5.414512157440185547e-01 1.006571412086486816e+00
1.064995527267456055e+00 1.291799306869506836e+00 -1.250997334718704224e-01 1.156202629208564758e-01 3.410912454128265381e-01 -3.345280587673187256e-01
2.251601964235305786e-01 -7.314621210098266602e-01 -1.363299846649169922e+00 -6.076148748397827148e-01 1.122955083847045898e+00 1.583704054355621338e-01
-3.301100730895996094e-01 -6.687684655189514160e-01 7.864982485771179199e-01 6.724042892456054688e-01 1.165990471839904785e+00 -5.731031894683837891e-01
-4.448524713516235352e-01 5.332725048065185547e-01 1.264889836311340332e+00 -1.822806954383850098e+00 -6.384747624397277832e-01 1.015296936035156250e+00
-1.481383085250854492e+00 -5.895208716392517090e-01 2.172841876745223999e-01 8.697485327720642090e-01 -5.666258335113525391e-01 -1.541995644569396973e+00
-6.703368425369262695e-01 -6.604456156492233276e-02 -2.598112914711236954e-03 3.654647469520568848e-01 6.265150308609008789e-01 5.740447640419006348e-01
-1.419648647308349609e+00 2.395659089088439941e-01 -3.847010731697082520e-01 7.883105278015136719e-01 -4.770136773586273193e-01 4.910767376422882080e-01
-2.028924942016601562e+00 -4.228400588035583496e-01 -8.502865433692932129e-01 5.201826691627502441e-01 7.834944128990173340e-02 5.429976582527160645e-01
-1.136294722557067871e+00 -1.817626357078552246e-01 -1.106982007622718811e-01 -5.905588623136281967e-03 3.704064190387725830e-01 4.938166141510009766e-01
-9.138255715370178223e-01 -1.297836422920227051e+00 -9.154546260833740234e-01 -6.780876517295837402e-01 -2.931008636951446533e-01 3.845782950520515442e-02
-1.597759842872619629e+00 3.914605081081390381e-01 -1.243738055229187012e+00 5.029965043067932129e-01 -3.866129741072654724e-02 -6.555044054985046387e-01
3.080076277256011963e-01 1.241871863603591919e-01 -5.932451486587524414e-01 -8.927178382873535156e-01 -1.322396874427795410e+00 4.420462846755981445e-01
1.402563810348510742e+00 9.637997150421142578e-01 -1.095747590065002441e+00 -1.387478828430175781e+00 5.059669613838195801e-01 -7.810009717941284180e-01
-2.793882600963115692e-02 5.914794802665710449e-01 -1.872501850128173828e+00 2.225802391767501831e-01 2.631125152111053467e-01 -1.417148232460021973e+00
7.245311737060546875e-01 1.394575595855712891e+00 1.701379716396331787e-01 -1.060017108917236328e+00 9.551905393600463867e-01 2.504344582557678223e-01
1.307312548160552979e-01 -2.896786630153656006e-01 1.414582133293151855e+00 -3.307184457778930664e+00 6.742722988128662109e-01 -1.112232685089111328e+00
-7.872127294540405273e-01 -1.638550519943237305e+00 -2.559050917625427246e-01 8.921878337860107422e-01 1.224699616432189941e+00 -3.586346149444580078e+00
-1.046390652656555176e+00 -1.768650412559509277e+00 9.491589665412902832e-01 3.018072247505187988e-01 -1.508150845766067505e-01 1.311504244804382324e+00
2.062572240829467773e-01 -1.196049213409423828e+00 3.173793554306030273e-01 3.212993443012237549e-01 -1.759803175926208496e+00 2.269662618637084961e-01
-1.065392732620239258e+00 5.077537894248962402e-01 -9.674177765846252441e-01 8.987185359001159668e-01 -1.931040167808532715e+00 -1.651143282651901245e-01
-1.525685548782348633e+00 7.573049068450927734e-01 -7.171323895454406738e-01 7.675593495368957520e-01 -1.195207476615905762e+00 4.660642892122268677e-02
1.629632115364074707e-01 -6.614951491355895996e-01 5.658154487609863281e-01 -9.973628520965576172e-01 6.052591204643249512e-01 2.605884075164794922e-01
9.265850186347961426e-01 9.652204066514968872e-02 -1.150192379951477051e+00 -2.017554193735122681e-01 8.047044277191162109e-01 -1.008077859878540039e+00
3.675084114074707031e-01 1.371874213218688965e-01 -1.675390839576721191e+00 1.131235003471374512e+00 -5.583445429801940918e-01 -1.122942715883255005e-01
1.208292126655578613e+00 -5.836548209190368652e-01 -1.308646947145462036e-01 -1.132786989212036133e+00 2.368437051773071289e-01 7.854599356651306152e-01
7.261002659797668457e-01 -2.231815159320831299e-01 5.411189794540405273e-01 -2.542561292648315430e+00 2.753847539424896240e-01 -1.112209200859069824e+00
1.040899753570556641e+00 1.193057537078857422e+00 -1.776704937219619751e-02 7.473974227905273438e-01 -4.704349935054779053e-01 -2.541927099227905273e+00
8.946199417114257812e-01 5.390166044235229492e-01 1.007201671600341797e+00 1.149643182754516602e+00 -8.136576414108276367e-02 5.119717121124267578e-01
2.367741018533706665e-01 1.414399147033691406e+00 3.755296170711517334e-01 8.810193538665771484e-01 1.106252908706665039e+00 1.023384571075439453e+00
-1.059525728225708008e+00 -4.278278052806854248e-01 1.036004781723022461e+00 8.668912053108215332e-01 6.312729120254516602e-01 1.250237941741943359e+00
-1.289719700813293457e+00 -5.140474438667297363e-02 1.272892355918884277e+00 7.866254448890686035e-01 1.235612750053405762e+00 1.045209407806396484e+00
2.389530986547470093e-01 -8.105161786079406738e-01 5.197333693504333496e-01 6.003188490867614746e-01 -2.985118925571441650e-01 1.183053731918334961e+00
1.103129029273986816e+00 4.629799723625183105e-01 -1.172333836555480957e+00 6.346775889396667480e-01 9.290765225887298584e-02 4.477036297321319580e-01
1.332970380783081055e+00 9.156746864318847656e-01 -1.610420227050781250e+00 1.158911228179931641e+00 -7.302438616752624512e-01 6.086228489875793457e-01
-4.398248493671417236e-01 -3.768462240695953369e-01 -3.755473196506500244e-01 -1.033733963966369629e+00 5.674996972084045410e-01 7.266132831573486328e-01
8.354088664054870605e-01 3.345721662044525146e-01 1.358017086982727051e+00 -2.595108509063720703e+00 9.213232398033142090e-01 -1.044362306594848633e+00
-2.257177084684371948e-01 9.855294227600097656e-02 1.267875313758850098e+00 4.693596661090850830e-01 -2.434786111116409302e-01 -2.916133403778076172e+00
8.804100751876831055e-01 1.141361594200134277e+00 -5.324230790138244629e-01 4.628099799156188965e-01 4.559656679630279541e-01 3.508047759532928467e-01
-5.049184560775756836e-01 1.992703318595886230e+00 5.273671150207519531e-01 7.436146736145019531e-01 2.387791574001312256e-01 5.486472845077514648e-01
-6.101278662681579590e-01 1.681875109672546387e+00 -2.375506013631820679e-01 1.627057977020740509e-02 1.073688626289367676e+00 7.666359543800354004e-01
-9.652729630470275879e-01 1.532066106796264648e+00 1.099389433860778809e+00 8.826511502265930176e-01 1.494092583656311035e+00 1.851799041032791138e-01
5.042127370834350586e-01 -4.843434989452362061e-01 -3.364818990230560303e-01 3.563989698886871338e-01 1.369689941406250000e+00 1.407094240188598633e+00
5.918599963188171387e-01 1.435269564390182495e-01 -9.286477565765380859e-01 8.413378596305847168e-01 1.297631621360778809e+00 6.770252585411071777e-01
-4.767667949199676514e-01 1.149543467909097672e-02 -1.229203343391418457e+00 4.832524359226226807e-01 -3.602265417575836182e-01 1.276003837585449219e+00
-7.815644741058349609e-01 1.428577542304992676e+00 5.602762699127197266e-01 -7.408667802810668945e-01 2.813525497913360596e-01 3.283935189247131348e-01
-1.402790427207946777e+00 -1.456425338983535767e-01 7.748808860778808594e-01 -1.524458408355712891e+00 1.548197716474533081e-01 -7.207787632942199707e-01
-1.407330751419067383e+00 8.588021993637084961e-01 -1.621643453836441040e-01 7.552102208137512207e-01 1.243336319923400879e+00 -1.486105442047119141e+00
-3.923919498920440674e-01 -4.613862335681915283e-01 -4.107618629932403564e-01 7.182750701904296875e-01 -1.771552022546529770e-03 1.146352410316467285e+00
-9.376062750816345215e-01 -1.628355741500854492e+00 -1.161162137985229492e+00 5.339798331260681152e-01 8.803511857986450195e-01 6.554040908813476562e-01
-1.764957308769226074e+00 6.860782504081726074e-01 -9.769476652145385742e-01 1.331688314676284790e-01 -3.350684940814971924e-01 7.552133798599243164e-01
-1.618892997503280640e-01 2.410447597503662109e-01 3.715657070279121399e-02 -1.505150675773620605e+00 -1.746476173400878906e+00 3.704524785280227661e-02
-1.363191723823547363e+00 1.365458965301513672e+00 -9.517944455146789551e-01 -7.989329099655151367e-01 7.497095465660095215e-01 -1.056206226348876953e+00
-1.975180357694625854e-01 1.894538164138793945e+00 -9.976146221160888672e-01 5.612570643424987793e-01 3.717577159404754639e-01 -7.955526113510131836e-01
-1.510593056678771973e+00 -7.649288978427648544e-03 -2.800668478012084961e-01 -7.475352883338928223e-01 1.208428978919982910e+00 6.260985732078552246e-01
-1.275826692581176758e+00 7.784936428070068359e-01 -7.569834589958190918e-01 -1.064355134963989258e+00 1.458501696586608887e+00 -7.468950152397155762e-01
-2.321685850620269775e-02 2.712033390998840332e-01 5.385720357298851013e-02 2.545230090618133545e-01 1.360858231782913208e-01 -1.168990850448608398e+00
9.131932258605957031e-01 -4.548479318618774414e-01 -1.342863321304321289e+00 -3.088119328022003174e-01 8.207619786262512207e-01 2.524688243865966797e-01
9.567883014678955078e-01 -4.494257867336273193e-01 -1.537375211715698242e+00 9.415152668952941895e-01 3.991808891296386719e-01 -2.336387783288955688e-01
1.367375612258911133e+00 -7.877597808837890625e-01 -5.337376594543457031e-01 -1.556714177131652832e+00 -3.279256224632263184e-01 1.031297802925109863e+00
-6.960397362709045410e-01 -1.840091824531555176e+00 4.679647088050842285e-01 -2.070770502090454102e+00 -3.220095634460449219e-01 -1.406943798065185547e+00
1.062414884567260742e+00 4.403467178344726562e-01 1.235405921936035156e+00 -1.672612130641937256e-02 -7.036954760551452637e-01 -1.848789334297180176e+00
1.130210041999816895e+00 1.055815696716308594e+00 1.243708610534667969e+00 1.147619485855102539e+00 -2.025943517684936523e+00 -1.526282429695129395e-01
4.306471049785614014e-01 1.281419157981872559e+00 -1.212678074836730957e+00 8.177869915962219238e-01 5.481880903244018555e-01 1.122883111238479614e-01
9.492450952529907227e-01 1.526021718978881836e+00 1.000734567642211914e+00 6.963346600532531738e-01 1.017875790596008301e+00 9.592825770378112793e-01
5.978211164474487305e-01 4.479952156543731689e-01 9.223179817199707031e-01 -1.201119542121887207e+00 1.159863471984863281e+00 9.929537177085876465e-01
-1.244640350341796875e-01 -9.043713212013244629e-01 1.020848006010055542e-01 9.295291900634765625e-01 1.294561386108398438e+00 -1.307794213294982910e+00
-7.267388701438903809e-01 -6.698363423347473145e-01 1.029125094413757324e+00 8.606141805648803711e-01 5.547308325767517090e-01 1.387126445770263672e+00
-8.069671988487243652e-01 1.929157078266143799e-01 7.637169361114501953e-01 7.111300826072692871e-01 -8.408383131027221680e-01 1.008161425590515137e+00
-2.527833729982376099e-02 -3.260964751243591309e-01 -3.397345170378684998e-02 6.831785440444946289e-01 -5.678426027297973633e-01 3.507618904113769531e-01
-1.295043110847473145e+00 -4.538612961769104004e-01 -8.414010405540466309e-01 9.449983835220336914e-01 3.274677395820617676e-01 4.255150854587554932e-01
-1.371593832969665527e+00 -3.418308496475219727e-01 -4.684890508651733398e-01 5.134093165397644043e-01 -1.893070340156555176e-01 1.005143761634826660e+00
-5.423562526702880859e-01 3.801804482936859131e-01 2.611337602138519287e-01 -6.974649429321289062e-01 -3.268485963344573975e-01 4.059161841869354248e-01
9.426235556602478027e-01 1.078859329223632812e+00 -1.050212621688842773e+00 1.111291944980621338e-01 -2.060364633798599243e-01 -6.719834804534912109e-01
1.640151619911193848e+00 -1.661572605371475220e-01 -1.601333260536193848e+00 1.069430112838745117e+00 4.961265027523040771e-01 4.409544542431831360e-02
2.036529481410980225e-01 -6.292505264282226562e-01 -1.260536432266235352e+00 -6.798372268676757812e-01 1.033145189285278320e+00 1.208059072494506836e+00
1.578364610671997070e+00 -1.232169747352600098e+00 9.074980616569519043e-01 -2.461849927902221680e+00 -2.268301136791706085e-02 -6.615783572196960449e-01
-1.688856035470962524e-01 -4.685201048851013184e-01 1.507138848304748535e+00 -1.227768063545227051e+00 -5.217687487602233887e-01 -2.322410583496093750e+00
1.290959585458040237e-02 3.179570734500885010e-01 9.842583537101745605e-02 8.614240884780883789e-01 -1.240144729614257812e+00 -1.097533583641052246e+00
1.003261357545852661e-01 6.408175453543663025e-03 1.940911293029785156e+00 3.055651485919952393e-01 -3.428733050823211670e-01 3.021977841854095459e-01
1.043470978736877441e+00 9.268801212310791016e-01 -3.889692127704620361e-01 8.421778678894042969e-01 4.411871731281280518e-01 1.822336614131927490e-01
1.737214088439941406e+00 7.616742849349975586e-01 -5.253844261169433594e-01 -2.865949869155883789e-01 1.498511135578155518e-01 9.440460205078125000e-01
-1.632227152585983276e-01 1.883915811777114868e-01 -6.688409447669982910e-01 5.961518883705139160e-01 9.292748570442199707e-01 -2.737504541873931885e-01
-3.602847456932067871e-01 1.511627078056335449e+00 1.176634311676025391e+00 8.284779638051986694e-02 8.080270886421203613e-01 8.436765670776367188e-01
-2.355994582176208496e-01 5.972084999084472656e-01 2.334007263183593750e+00 -1.961162835359573364e-01 3.232714533805847168e-01 2.148697972297668457e-01
8.604692816734313965e-01 7.473962306976318359e-01 -2.683567404747009277e-01 6.545110940933227539e-01 1.287199139595031738e+00 -1.641917079687118530e-01
3.390327394008636475e-01 9.033545255661010742e-01 -8.321841955184936523e-01 -1.246627449989318848e+00 6.789179444313049316e-01 1.034371256828308105e+00
9.692228436470031738e-01 3.284882009029388428e-01 -5.360161066055297852e-01 5.297718048095703125e-01 7.971474528312683105e-01 -1.292256832122802734e+00
-1.232044994831085205e-01 2.720053680241107941e-02 5.312868356704711914e-01 -3.003417253494262695e-01 9.125344753265380859e-01 7.246493697166442871e-01
2.558585405349731445e-01 -3.555591702461242676e-01 2.391930371522903442e-01 7.204873859882354736e-02 4.505633413791656494e-01 -2.152251154184341431e-01
3.343580663204193115e-01 -6.385385394096374512e-01 9.271234273910522461e-01 1.022619724273681641e+00 1.701155155897140503e-01 1.344262063503265381e-01
6.250055432319641113e-01 5.897764563560485840e-01 -4.233894050121307373e-01 9.612253308296203613e-01 -2.206814289093017578e-01 1.016145586967468262e+00
3.040167391300201416e-01 7.684766501188278198e-02 -1.138239726424217224e-01 9.789623022079467773e-01 -5.322812795639038086e-01 7.917978167533874512e-01
1.343068838119506836e+00 2.940429449081420898e-01 8.743712306022644043e-02 3.152825832366943359e-01 6.728894114494323730e-01 6.753085851669311523e-01
1.003204703330993652e+00 1.516257882118225098e+00 9.004376828670501709e-02 8.642687797546386719e-01 2.180363833904266357e-01 4.475428462028503418e-01
8.489277362823486328e-01 2.030522108078002930e+00 -1.874940693378448486e-01 9.803630709648132324e-01 4.197786152362823486e-01 8.792781829833984375e-01
-2.634618245065212250e-02 8.881279826164245605e-01 1.278916835784912109e+00 9.572709202766418457e-01 1.289575338363647461e+00 1.080550193786621094e+00
-1.388591051101684570e+00 1.094864964485168457e+00 1.072010040283203125e+00 5.654398798942565918e-01 1.506885528564453125e+00 1.420370101928710938e+00
-1.460752367973327637e+00 4.119889438152313232e-01 1.322552680969238281e+00 3.654023408889770508e-01 9.016059041023254395e-01 9.908592700958251953e-01
3.999300599098205566e-01 4.452763199806213379e-01 2.905377745628356934e-01 5.458214879035949707e-01 1.043649196624755859e+00 5.641722679138183594e-01
1.093463659286499023e+00 1.303803473711013794e-01 -1.424771666526794434e+00 6.054885387420654297e-01 5.237811207771301270e-01 8.200550675392150879e-01
7.503327727317810059e-01 1.737966388463973999e-01 -1.700069546699523926e+00 1.106051683425903320e+00 5.524069666862487793e-01 7.217491865158081055e-01
-3.798145353794097900e-01 4.119348227977752686e-01 1.274841837584972382e-02 -1.827533602714538574e+00 2.689646184444427490e-01 1.272874355316162109e+00
-1.409575104713439941e+00 4.317383170127868652e-01 1.323338627815246582e+00 -2.881742954254150391e+00 3.096955120563507080e-01 -1.817212343215942383e+00
-1.987533926963806152e+00 4.181327223777770996e-01 1.196476101875305176e+00 5.344263911247253418e-01 5.237343311309814453e-01 -2.904382944107055664e+00
-8.674227595329284668e-01 -6.715301871299743652e-01 1.248048767447471619e-01 2.191136032342910767e-01 5.408037900924682617e-01 6.453511714935302734e-01
7.005351185798645020e-01 -8.077243566513061523e-01 -1.002164244651794434e+00 5.337508320808410645e-01 5.290887951850891113e-01 3.103266954421997070e-01
6.690037846565246582e-01 4.565040469169616699e-01 -1.783586978912353516e+00 9.565700292587280273e-01 -5.697732567787170410e-01 6.462814807891845703e-01
-1.083829283714294434e+00 1.140553116798400879e+00 -1.185744285583496094e+00 -7.230235934257507324e-01 -7.269811034202575684e-01 6.416503190994262695e-01
-1.216797113418579102e+00 7.261092066764831543e-01 1.019037365913391113e+00 -3.282280921936035156e+00 5.619894862174987793e-01 -6.880223155021667480e-01
-6.314106583595275879e-01 1.252498269081115723e+00 1.023281812667846680e+00 -1.480185985565185547e+00 1.073172330856323242e+00 -3.482910633087158203e+00
-5.901307463645935059e-01 9.833311438560485840e-01 -8.903506994247436523e-01 7.186036705970764160e-01 7.808101773262023926e-01 -1.635328769683837891e+00
-1.381526827812194824e+00 -3.710751235485076904e-01 -9.878627657890319824e-01 7.223080396652221680e-01 1.142602801322937012e+00 9.350940585136413574e-01
-7.138869166374206543e-01 -1.204043388366699219e+00 -3.006752431392669678e-01 -8.030753135681152344e-01 9.687241911888122559e-01 1.068826317787170410e+00
-1.050678610801696777e+00 4.339232146739959717e-01 -4.950533807277679443e-01 -9.131509065628051758e-01 -2.372874766588211060e-01 -8.079564571380615234e-01
5.366594791412353516e-01 -1.621729284524917603e-01 -9.244013428688049316e-01 2.648249566555023193e-01 -1.205133914947509766e+00 -8.622266650199890137e-01
1.785001516342163086e+00 9.477108716964721680e-01 -1.023645043373107910e+00 2.441609650850296021e-01 5.426800251007080078e-01 -5.943478271365165710e-02
1.510512113571166992e+00 1.491199374198913574e+00 -1.695699572563171387e+00 -3.662813603878021240e-01 -1.861329749226570129e-02 3.377999663352966309e-01
-8.848413079977035522e-02 -6.220607161521911621e-01 -7.949891686439514160e-02 -6.375215649604797363e-01 9.439505338668823242e-01 -3.647593557834625244e-01
8.208158612251281738e-01 -5.763223767280578613e-01 2.322627782821655273e+00 -2.819982767105102539e+00 1.276628971099853516e+00 -6.112045049667358398e-01
8.771696686744689941e-02 2.776385098695755005e-02 1.553871989250183105e+00 8.133910298347473145e-01 -5.136438608169555664e-01 -3.378100395202636719e+00
-4.205327928066253662e-01 1.304213643074035645e+00 -3.037153184413909912e-01 -1.341209292411804199e+00 -4.622225463390350342e-01 5.495149493217468262e-01
1.131747603416442871e+00 3.702855706214904785e-01 9.528136849403381348e-01 1.673854738473892212e-01 1.706629395484924316e-01 -1.199254512786865234e+00
2.888757288455963135e-01 -1.129463672637939453e+00 -4.753208160400390625e-01 6.132957339286804199e-01 1.173270583152770996e+00 1.749449521303176880e-01
1.170723676681518555e+00 -1.396530270576477051e+00 -6.913135051727294922e-01 9.098922014236450195e-01 4.874642193317413330e-01 9.443796873092651367e-01
1.078499078750610352e+00 -1.012964129447937012e+00 8.487710952758789062e-01 3.772269487380981445e-01 -1.112955331802368164e+00 1.034192085266113281e+00
1.145410895347595215e+00 -7.803661823272705078e-01 -2.309016734361648560e-01 -5.319241899996995926e-03 -1.447322130203247070e+00 3.609321638941764832e-02
1.850285172462463379e+00 3.999538123607635498e-01 9.152074456214904785e-01 1.102026581764221191e+00 -9.709410667419433594e-01 -2.706996798515319824e-01
3.640969097614288330e-01 8.455144166946411133e-01 5.381370186805725098e-01 8.188357353210449219e-01 -6.950926780700683594e-01 5.741393566131591797e-01
9.579488039016723633e-01 3.882816731929779053e-01 1.145074725151062012e+00 9.433664083480834961e-01 5.133520960807800293e-01 4.844468235969543457e-01
3.558803796768188477e-01 6.878200769424438477e-01 2.077353954315185547e+00 1.136182546615600586e+00 8.706312179565429688e-01 1.080601215362548828e+00
1.071543455123901367e+00 -6.221898198127746582e-01 1.049015894532203674e-01 7.786164283752441406e-01 5.031975507736206055e-01 1.453339576721191406e+00
1.353112578392028809e+00 3.824989497661590576e-01 6.319823861122131348e-01 -5.788444876670837402e-01 7.510730624198913574e-01 9.001747965812683105e-01
7.191190123558044434e-01 -1.016867280006408691e+00 -2.462233603000640869e-01 1.048837184906005859e+00 -5.137896537780761719e-01 -5.461362600326538086e-01
1.056777313351631165e-01 -1.246763229370117188e+00 9.152326583862304688e-01 1.093372941017150879e+00 4.981521070003509521e-01 7.395718693733215332e-01
-1.308302521705627441e+00 9.003244638442993164e-01 1.548959851264953613e+00 5.189773440361022949e-01 -9.756588339805603027e-01 1.234542965888977051e+00
-1.055610179901123047e+00 8.023272156715393066e-01 1.120374202728271484e+00 6.733327507972717285e-01 -1.258362531661987305e+00 1.706103384494781494e-01
-1.780650973320007324e+00 9.715111851692199707e-01 2.930164635181427002e-01 7.216976583003997803e-02 9.103655815124511719e-01 1.792441904544830322e-01
3.873551785945892334e-01 -8.965944647789001465e-01 -6.339020133018493652e-01 4.550095796585083008e-01 8.386570215225219727e-01 2.220935970544815063e-01
-6.643467545509338379e-01 1.073764204978942871e+00 -1.220542907714843750e+00 9.930207729339599609e-01 9.605485796928405762e-01 6.510198116302490234e-01
-1.475921869277954102e+00 1.134815573692321777e+00 -1.243047118186950684e+00 -1.821809411048889160e-01 -8.316081166267395020e-01 1.325119137763977051e+00
-1.313959717750549316e+00 -3.463661968708038330e-01 7.597166895866394043e-01 -1.613515734672546387e+00 1.029783844947814941e+00 -2.940943837165832520e-01
-4.521459937095642090e-01 -1.234997749328613281e+00 -3.506062328815460205e-01 -1.647497892379760742e+00 1.069502353668212891e+00 -1.786931872367858887e+00
-1.131470799446105957e+00 -1.067057251930236816e+00 -1.178713202476501465e+00 8.773157596588134766e-01 -2.108696401119232178e-01 -1.837933421134948730e+00
-5.060287714004516602e-01 -1.947914004325866699e+00 -8.593317866325378418e-01 1.860322803258895874e-01 -1.243672132492065430e+00 7.216095924377441406e-01
2.237284630537033081e-01 3.530099987983703613e-02 -4.474207460880279541e-01 -1.347161531448364258e+00 -1.036574959754943848e+00 -1.174845471978187561e-01
-1.061020970344543457e+00 2.482127398252487183e-01 -1.213702917098999023e+00 -4.775722622871398926e-01 -2.170254707336425781e+00 -1.103376388549804688e+00
3.114981353282928467e-01 1.061017036437988281e+00 -3.046687543392181396e-01 5.929895862936973572e-02 1.779792457818984985e-01 -5.735954046249389648e-01
1.383335471153259277e+00 1.891657114028930664e+00 -4.325073584914207458e-02 -1.306798100471496582e+00 3.782986402511596680e-01 6.997054815292358398e-02
1.132765173912048340e+00 2.357839107513427734e+00 -1.565054178237915039e+00 6.526914238929748535e-01 1.021337509155273438e+00 -1.309726715087890625e+00
-7.908403873443603516e-01 1.206497907638549805e+00 -2.230993360280990601e-01 8.971616029739379883e-01 1.457405209541320801e+00 9.416614174842834473e-01
8.315784856677055359e-03 -8.529599308967590332e-01 1.903080105781555176e+00 -2.506411552429199219e+00 1.596050381660461426e+00 1.411534428596496582e+00
-1.267869353294372559e+00 -1.297322511672973633e+00 1.248175263404846191e+00 5.305604338645935059e-01 1.114574790000915527e+00 -3.131680250167846680e+00
-1.613273262977600098e+00 -9.071382284164428711e-01 -4.655724465847015381e-01 -5.824182629585266113e-01 -7.800401449203491211e-01 8.234892487525939941e-01
-2.171008110046386719e+00 -2.618101537227630615e-01 3.791813850402832031e-01 3.617128431797027588e-01 -1.321750521659851074e+00 -5.833654999732971191e-01
-2.009817361831665039e+00 6.274551898241043091e-02 -4.769940376281738281e-01 -1.473702043294906616e-01 -8.441251516342163086e-01 -2.937136963009834290e-02
-2.167344808578491211e+00 8.164758086204528809e-01 -7.115167379379272461e-01 6.341636180877685547e-01 -1.215771287679672241e-01 -2.705125510692596436e-01
-7.274169921875000000e-01 -2.502083480358123779e-01 -8.536109924316406250e-01 -1.643064320087432861e-01 2.044916450977325439e-01 5.362245440483093262e-01
-1.769744515419006348e+00 -3.537012338638305664e-01 -1.301735281944274902e+00 -3.348541557788848877e-01 8.491964340209960938e-01 -1.470180451869964600e-01
-7.513806819915771484e-01 2.560216486454010010e-01 -9.888028502464294434e-01 -7.873569130897521973e-01 -1.094613298773765564e-01 -2.611940205097198486e-01
-1.466385126113891602e+00 -1.316178292036056519e-01 -5.933814048767089844e-01 -1.717046499252319336e+00 -2.186968028545379639e-01 -7.556706666946411133e-01
-1.389776825904846191e+00 -1.385318994522094727e+00 -9.641950130462646484e-01 -1.036816477775573730e+00 3.854081034660339355e-01 -1.573662161827087402e+00
-1.967455595731735229e-01 -1.450495515018701553e-02 -3.935383856296539307e-01 -2.284958213567733765e-01 1.246296148747205734e-02 -1.030329942703247070e+00
-9.965959787368774414e-01 -3.625478446483612061e-01 -1.261295676231384277e+00 -7.754672765731811523e-01 -1.433054447174072266e+00 -2.324099540710449219e-01
1.586303673684597015e-02 4.802315235137939453e-01 -9.473662972450256348e-01 1.482950001955032349e-01 1.293537616729736328e-01 -7.076547145843505859e-01
-1.094628691673278809e+00 1.438644289970397949e+00 -3.875421285629272461e-01 -1.482106328010559082e+00 -2.281540185213088989e-01 1.474872380495071411e-01
6.659500598907470703e-01 9.110176563262939453e-01 -6.735160350799560547e-01 -8.824166655540466309e-01 5.821185111999511719e-01 -1.364101052284240723e+00
1.736382126808166504e+00 1.294178366661071777e+00 -3.930253982543945312e-01 4.252019822597503662e-01 1.248778581619262695e+00 -8.808223009109497070e-01
5.177801251411437988e-01 -7.411265373229980469e-01 -1.707885265350341797e+00 1.338325291872024536e-01 9.180067777633666992e-01 7.319597601890563965e-01
-1.429408490657806396e-01 4.623767733573913574e-01 4.255426228046417236e-01 3.935285210609436035e-01 1.167389631271362305e+00 2.960941493511199951e-01
1.141858220100402832e+00 -5.030845403671264648e-01 2.258194446563720703e+00 -2.869901180267333984e+00 -6.496242284774780273e-01 6.697592735290527344e-01
8.986507356166839600e-02 9.104792475700378418e-01 2.308848686516284943e-02 1.153591632843017578e+00 5.669869184494018555e-01 -2.347496509552001953e+00
-8.029420971870422363e-01 1.312223076820373535e+00 -3.595329821109771729e-01 -1.173604369163513184e+00 -3.808535635471343994e-01 1.331164717674255371e+00
1.961415261030197144e-01 2.179107666015625000e+00 1.539307236671447754e+00 6.406738758087158203e-01 9.176228642463684082e-01 -1.072328448295593262e+00
1.031616330146789551e+00 1.485107064247131348e+00 -1.527182608842849731e-01 3.882366418838500977e-01 1.177940249443054199e+00 8.922599554061889648e-01
9.878970384597778320e-01 -1.098535507917404175e-01 -1.261885404586791992e+00 4.234492778778076172e-01 1.552168488502502441e+00 6.660614609718322754e-01
9.327258467674255371e-01 3.730686008930206299e-01 -3.060300648212432861e-01 7.668988704681396484e-01 1.273448824882507324e+00 8.149781823158264160e-01
-2.723982371389865875e-02 6.812728643417358398e-01 7.844104766845703125e-01 -1.335674762725830078e+00 3.445358946919441223e-02 1.172209143638610840e+00
-9.240570664405822754e-02 -9.732187390327453613e-01 1.050511956214904785e+00 4.231933653354644775e-01 4.899034202098846436e-01 -1.280377388000488281e+00
-1.431796431541442871e+00 4.087334275245666504e-01 9.949563741683959961e-01 9.273737072944641113e-01 7.459431886672973633e-01 5.162882208824157715e-01
-6.030039787292480469e-01 1.303153395652770996e+00 2.796924710273742676e-01 5.667812228202819824e-01 -9.230624437332153320e-01 1.159004330635070801e+00
-6.986902356147766113e-01 8.529114127159118652e-01 -7.127862423658370972e-02 7.394768595695495605e-01 5.209642052650451660e-01 2.202378362417221069e-01
7.274724245071411133e-01 1.630887508392333984e+00 -1.071625232696533203e+00 8.123222589492797852e-01 1.172650933265686035e+00 8.647502660751342773e-01
-1.330376267433166504e-01 -3.572135269641876221e-01 -9.991651177406311035e-01 8.060677647590637207e-01 8.760489225387573242e-01 1.191391229629516602e+00
-1.071859598159790039e-01 -5.845676064491271973e-01 -7.823648452758789062e-01 -1.017873644828796387e+00 1.346038937568664551e+00 1.071049213409423828e+00
1.400726318359375000e+00 9.022979736328125000e-01 7.202744483947753906e-01 -8.413675427436828613e-01 -2.224492728710174561e-01 -1.097644925117492676e+00
-4.905838668346405029e-01 -8.496226668357849121e-01 -7.983178496360778809e-01 -1.291844099760055542e-01 -4.714581668376922607e-01 -7.998178005218505859e-01
-6.063699722290039062e-01 -1.258629441261291504e+00 -1.247985288500785828e-01 8.820351958274841309e-01 9.117785692214965820e-01 -2.057669460773468018e-01
-8.881729245185852051e-01 -2.081734389066696167e-01 1.867267251014709473e+00 -4.853377640247344971e-01 -7.761116623878479004e-01 1.173863291740417480e+00
3.088276982307434082e-01 -5.782612562179565430e-01 -3.504094183444976807e-01 4.929554164409637451e-01 -1.273201823234558105e+00 -5.114558339118957520e-01
-5.180687457323074341e-02 -4.656384289264678955e-01 -8.586523532867431641e-01 -2.565916478633880615e-01 -6.584239751100540161e-02 6.377875059843063354e-02
-4.173022806644439697e-01 1.017630338668823242e+00 -9.541172385215759277e-01 3.606176972389221191e-01 -4.643929898738861084e-01 -2.671798765659332275e-01
8.626387119293212891e-01 3.522265851497650146e-01 3.043793737888336182e-01 -5.796342492103576660e-01 -3.397191762924194336e-01 1.969413906335830688e-01
1.763777732849121094e+00 1.096324250102043152e-01 -5.312585830688476562e-01 -5.816037654876708984e-01 9.921938776969909668e-01 -5.714510679244995117e-01
6.928467750549316406e-01 -7.277922034263610840e-01 -1.193282365798950195e+00 1.219605565071105957e+00 4.715822339057922363e-01 -5.439882278442382812e-01
1.779932856559753418e+00 -1.054874181747436523e+00 6.288750767707824707e-01 2.115502804517745972e-01 2.493182420730590820e-01 1.356478095054626465e+00
3.696469664573669434e-01 4.586400091648101807e-01 1.646679162979125977e+00 -1.016009449958801270e+00 -6.342460513114929199e-01 2.361978292465209961e-01
-9.804424643516540527e-01 7.784408330917358398e-01 5.114015936851501465e-01 1.037299871444702148e+00 -1.021745800971984863e+00 -9.168505668640136719e-01
4.347931146621704102e-01 1.404182910919189453e-01 2.619251728057861328e+00 -6.813353300094604492e-02 5.638082623481750488e-01 5.071915388107299805e-01
-8.040118813514709473e-01 7.294543385505676270e-01 8.449801802635192871e-02 1.050515294075012207e+00 8.207221627235412598e-01 3.856997936964035034e-03
-4.461447894573211670e-01 -4.602600336074829102e-01 -7.618961930274963379e-01 -2.335257768630981445e+00 2.784275412559509277e-01 1.331511616706848145e+00
-9.919002056121826172e-01 7.989166378974914551e-01 4.644824266433715820e-01 7.442951202392578125e-01 7.833867669105529785e-01 -2.333680868148803711e+00
4.479657709598541260e-01 -1.322336643934249878e-01 -5.700258016586303711e-01 -4.748687744140625000e-01 -3.338374495506286621e-01 9.653481841087341309e-01
9.700257182121276855e-01 5.847992300987243652e-01 -7.686551809310913086e-01 1.047951340675354004e+00 8.361071348190307617e-01 -4.818666279315948486e-01
4.514383077621459961e-01 1.713246464729309082e+00 -1.377049326896667480e+00 1.922088563442230225e-01 1.183896511793136597e-02 1.335357785224914551e+00
5.359836220741271973e-01 1.704706788063049316e+00 1.732820570468902588e-01 -2.551764249801635742e-01 6.688428521156311035e-01 1.642162799835205078e-01
-5.266551375389099121e-01 1.767292857170104980e+00 8.323699235916137695e-01 -1.722555160522460938e+00 1.383791089057922363e+00 -1.879868656396865845e-01
1.044921875000000000e+00 4.097901582717895508e-01 5.123344063758850098e-01 7.878497838973999023e-01 1.379986643791198730e+00 -2.014715671539306641e+00
1.215390205383300781e+00 1.011223077774047852e+00 7.902957499027252197e-02 1.092812180519104004e+00 1.407275676727294922e+00 1.238712430000305176e+00
1.377623200416564941e+00 9.768286943435668945e-01 -1.101698279380798340e+00 1.176607728004455566e+00 5.218788981437683105e-01 1.646185159683227539e+00
1.919854879379272461e-01 -5.745441317558288574e-01 6.512813568115234375e-01 1.034885883331298828e+00 9.878384470939636230e-01 1.334732174873352051e+00
-2.252336591482162476e-01 1.164622902870178223e+00 1.308473587036132812e+00 -1.039225101470947266e+00 9.642321467399597168e-01 1.386799335479736328e+00
-3.937394618988037109e-01 1.975638389587402344e+00 1.700514316558837891e+00 9.383943080902099609e-01 -4.602326452732086182e-01 -1.088440418243408203e+00
7.108807563781738281e-01 2.445248961448669434e-01 1.622347086668014526e-01 4.933638572692871094e-01 1.088450312614440918e+00 6.725478172302246094e-01
1.249350905418395996e+00 1.151842951774597168e+00 -6.532599925994873047e-01 1.148589625954627991e-01 1.488152503967285156e+00 7.700334191322326660e-01
1.486553102731704712e-01 1.046667695045471191e+00 -9.958930611610412598e-01 1.068203091621398926e+00 3.749352097511291504e-01 3.885924816131591797e-01
1.708776354789733887e-01 1.875551789999008179e-01 6.107684969902038574e-01 -8.561161905527114868e-02 1.080362200736999512e+00 1.152563452720642090e+00
-1.417529433965682983e-01 9.034925103187561035e-01 1.367060303688049316e+00 -7.888756394386291504e-01 1.011766195297241211e+00 6.222728267312049866e-02
-5.801415443420410156e-01 -1.928206384181976318e-01 2.754444070160388947e-02 9.564921259880065918e-01 3.224950134754180908e-01 -7.924227714538574219e-01
-1.533203601837158203e+00 -6.145458817481994629e-01 2.023610919713973999e-01 3.946608304977416992e-01 9.126331806182861328e-01 1.014836549758911133e+00
2.910518646240234375e-01 -1.739585876464843750e+00 1.972481757402420044e-01 5.262969136238098145e-01 -5.002058297395706177e-02 6.014870405197143555e-01
-9.933257102966308594e-01 -2.157636642456054688e+00 -8.306915163993835449e-01 9.358337521553039551e-01 -5.051638484001159668e-01 4.602214992046356201e-01
4.275741279125213623e-01 -1.489084482192993164e+00 -1.021843075752258301e+00 7.257478833198547363e-01 -1.892603039741516113e+00 6.518889069557189941e-01
1.130456805229187012e+00 -1.795440554618835449e+00 -5.554888397455215454e-03 -3.846997916698455811e-01 -2.454266309738159180e+00 -1.608310453593730927e-02
1.264068484306335449e+00 4.959617555141448975e-01 -1.432943820953369141e+00 -6.946327090263366699e-01 -1.565832376480102539e+00 -5.588839650154113770e-01
1.726367115974426270e+00 -7.623725533485412598e-01 -1.297081410884857178e-01 9.510152935981750488e-01 -1.966558694839477539e+00 -6.605737209320068359e-01
9.473964571952819824e-01 -1.144976496696472168e+00 6.566656827926635742e-01 -1.694191217422485352e+00 5.953717827796936035e-01 5.492271110415458679e-02
1.250089645385742188e+00 -1.977524042129516602e+00 1.123642206192016602e+00 7.843121886253356934e-01 -6.742032170295715332e-01 -1.769101977348327637e+00
-3.031097948551177979e-01 -9.382180571556091309e-01 1.764343976974487305e+00 1.175796389579772949e+00 -1.132049202919006348e+00 4.659951329231262207e-01
-1.304039835929870605e+00 -5.120367407798767090e-01 1.087676405906677246e+00 6.907960772514343262e-01 -2.210099220275878906e+00 5.485128760337829590e-01
2.184426039457321167e-02 -4.837660789489746094e-01 1.873060107231140137e+00 -3.228865861892700195e-01 -8.811473250389099121e-01 -1.429543793201446533e-01
-1.236241102218627930e+00 1.222184300422668457e+00 -4.918715953826904297e-01 7.728940844535827637e-01 -3.907348811626434326e-01 -4.005693793296813965e-01
-1.303357779979705811e-01 -3.623941540718078613e-01 -8.178322911262512207e-01 -5.174494981765747070e-01 -3.595922887325286865e-01 5.624122023582458496e-01
6.667124629020690918e-01 -9.410918951034545898e-01 -1.141004338860511780e-01 1.414584815502166748e-01 1.124211430549621582e+00 -5.192130208015441895e-01
1.609627485275268555e+00 -1.471524953842163086e+00 -1.429734110832214355e+00 -3.195667564868927002e-01 -2.279895544052124023e-01 3.480069041252136230e-01
-3.445152342319488525e-01 1.445243954658508301e-01 -8.671097755432128906e-01 9.070299267768859863e-01 -8.845800757408142090e-01 -3.397991955280303955e-01
7.940760254859924316e-01 1.347435832023620605e+00 7.217069268226623535e-01 -2.019014596939086914e+00 -1.543250918388366699e+00 4.746890366077423096e-01
9.958887696266174316e-01 -6.536842584609985352e-01 1.724992513656616211e+00 -4.019813239574432373e-01 2.822905182838439941e-01 -1.378710865974426270e+00
1.475037813186645508e+00 -1.856505721807479858e-01 -8.639756441116333008e-01 1.121680021286010742e+00 1.198213934898376465e+00 -3.776274621486663818e-01
4.904347956180572510e-01 3.481878340244293213e-01 2.677236497402191162e-01 1.958440244197845459e-01 -5.494638681411743164e-01 1.587434053421020508e+00
-2.019459307193756104e-01 -2.588135600090026855e-01 8.846795558929443359e-01 -4.443485438823699951e-01 -4.265166074037551880e-02 4.288799315690994263e-02
-9.278942346572875977e-01 -3.630312681198120117e-01 1.846889972686767578e+00 8.874934315681457520e-01 4.680175483226776123e-01 -4.391351640224456787e-01
-7.001934051513671875e-01 4.715547859668731689e-01 6.976268291473388672e-01 7.505249381065368652e-01 -1.184446066617965698e-01 1.002536654472351074e+00
-1.910221725702285767e-01 4.368258416652679443e-01 -1.475279182195663452e-01 -3.798154294490814209e-01 -2.286713272333145142e-01 6.430883407592773438e-01
-1.045488119125366211e+00 -7.451448440551757812e-01 -9.349467158317565918e-01 9.356232881546020508e-01 5.747768282890319824e-01 -3.929358422756195068e-01
-1.828405618667602539e+00 9.009113311767578125e-01 -4.712190926074981689e-01 4.440673291683197021e-01 5.451704859733581543e-01 1.097663521766662598e+00
-8.314979262650012970e-03 1.904858708381652832e+00 2.493909448385238647e-01 -9.731026887893676758e-01 -6.542657017707824707e-01 5.543626546859741211e-01
-7.243478298187255859e-01 3.311629593372344971e-01 -1.078378796577453613e+00 1.931700408458709717e-01 9.107858538627624512e-01 -8.819552659988403320e-01
-7.164840102195739746e-01 1.599094867706298828e+00 -1.240846276283264160e+00 7.950258851051330566e-01 1.462404966354370117e+00 3.643043637275695801e-01
-7.771760821342468262e-01 -4.231774508953094482e-01 5.466533452272415161e-02 -1.128537058830261230e+00 4.529397189617156982e-01 1.279056310653686523e+00
3.041020035743713379e-01 1.093621253967285156e+00 -5.821427702903747559e-01 -1.554916381835937500e+00 1.330834150314331055e+00 -1.133689999580383301e+00
1.586942911148071289e+00 2.512505352497100830e-01 -9.460868835449218750e-01 8.437784314155578613e-01 -2.934666872024536133e-01 -1.785238027572631836e+00
9.292387366294860840e-01 1.365065097808837891e+00 -1.432372689247131348e+00 2.713202536106109619e-01 1.042835950851440430e+00 6.597592830657958984e-01
-1.596460491418838501e-01 4.715753197669982910e-01 -1.620752811431884766e-01 -5.527765750885009766e-01 3.810663819313049316e-01 4.880205392837524414e-01
7.267273068428039551e-01 -6.202661395072937012e-01 2.014068841934204102e+00 -1.997002840042114258e+00 1.208206892013549805e+00 -5.274338722229003906e-01
-2.382148504257202148e-01 9.898256063461303711e-01 7.096763253211975098e-01 7.147645950317382812e-01 5.747942328453063965e-01 -2.310336589813232422e+00
1.897583715617656708e-02 1.222101688385009766e+00 -2.639044821262359619e-01 -6.491975784301757812e-01 -5.116176605224609375e-01 8.573694229125976562e-01
-7.850399017333984375e-01 5.153369307518005371e-01 6.761010885238647461e-01 9.668461084365844727e-01 9.731972217559814453e-01 -6.315076351165771484e-01
-1.232714056968688965e+00 -6.953141093254089355e-01 -1.537633538246154785e-01 3.537491559982299805e-01 1.124160885810852051e+00 1.299362659454345703e+00
-2.773732841014862061e-01 -1.144474864006042480e+00 2.602073550224304199e-01 7.716872692108154297e-01 6.115956902503967285e-01 6.090348362922668457e-01
-1.433418393135070801e-01 -3.620604574680328369e-01 -8.002099990844726562e-01 5.615058541297912598e-01 -5.969462990760803223e-01 9.329446554183959961e-01
4.827067852020263672e-01 -6.627092957496643066e-01 -1.150343656539916992e+00 8.936861753463745117e-01 -1.131431102752685547e+00 3.197532296180725098e-01
-1.167122602462768555e+00 -8.814037442207336426e-01 -6.252658367156982422e-01 -3.133309483528137207e-01 -2.276324927806854248e-01 3.659246563911437988e-01
6.484431624412536621e-01 -3.915341198444366455e-01 7.034394145011901855e-02 -1.380948901176452637e+00 -5.597261786460876465e-01 -3.342722058296203613e-01
3.200131654739379883e-02 5.275481343269348145e-01 1.484858691692352295e-01 4.507556557655334473e-02 -8.136128187179565430e-01 -1.213915705680847168e+00
7.806851267814636230e-01 7.018168568611145020e-01 -1.170442938804626465e+00 8.113895654678344727e-01 -2.592711150646209717e-01 -1.259101182222366333e-01
1.380243659019470215e+00 -7.426344752311706543e-01 3.128121495246887207e-01 9.843204617500305176e-01 6.217637062072753906e-01 6.447930335998535156e-01
-2.447526305913925171e-01 -6.852040886878967285e-01 -6.203736662864685059e-01 -1.021219611167907715e+00 7.619957923889160156e-01 1.170639634132385254e+00
-8.976296782493591309e-01 -5.625431239604949951e-02 8.383857011795043945e-01 8.984199166297912598e-01 -6.513655781745910645e-01 -1.048552274703979492e+00
9.769951701164245605e-01 -5.196657776832580566e-01 1.934787392616271973e+00 -1.959318518638610840e-01 -5.853809118270874023e-01 5.626257658004760742e-01
-8.569186180830001831e-02 -1.548256754875183105e+00 -7.632315754890441895e-01 1.079320430755615234e+00 8.809128403663635254e-02 -2.742078602313995361e-01
7.688344717025756836e-01 -1.573063492774963379e+00 -9.493526816368103027e-01 -4.562384188175201416e-01 -3.991700410842895508e-01 1.035015106201171875e+00
-3.228044509887695312e-01 -1.535011529922485352e+00 7.625330090522766113e-01 -1.932173371315002441e-01 -1.642253518104553223e+00 -4.694998264312744141e-01
-1.564677476882934570e+00 -1.052147269248962402e+00 -1.603360027074813843e-01 -7.622660398483276367e-01 -1.674437761306762695e+00 -4.009870886802673340e-01
-2.054992198944091797e+00 -6.890186667442321777e-01 1.274300456047058105e+00 6.968209743499755859e-01 -1.625104188919067383e+00 -6.941645145416259766e-01
-1.378566622734069824e+00 -1.145655989646911621e+00 2.005710750818252563e-01 2.674999237060546875e-01 -1.018430352210998535e+00 6.483481079339981079e-02
6.928687691688537598e-01 -1.238116145133972168e+00 -9.050466418266296387e-01 3.720044195652008057e-01 -5.897420048713684082e-01 -1.280631218105554581e-02
4.055544137954711914e-01 -1.768220365047454834e-01 -1.801434755325317383e+00 9.997639060020446777e-01 -1.132886409759521484e+00 1.727290004491806030e-01
1.004708051681518555e+00 7.887733578681945801e-01 -1.421279668807983398e+00 -5.464640259742736816e-01 -1.247563600540161133e+00 4.340659677982330322e-01
-3.443915024399757385e-02 -7.641398906707763672e-01 2.940432727336883545e-01 -3.007730245590209961e+00 -3.359600156545639038e-02 -5.712648630142211914e-01
-8.819425106048583984e-01 -1.360993623733520508e+00 2.881554663181304932e-01 -1.943910837173461914e+00 8.285020589828491211e-01 -2.825697422027587891e+00
-8.255245089530944824e-01 -1.772312283515930176e+00 1.367034435272216797e+00 7.884854078292846680e-01 -6.762520670890808105e-01 -2.118886470794677734e+00
-1.263167977333068848e+00 -4.813029766082763672e-01 6.465091556310653687e-02 7.952724695205688477e-01 -1.402164101600646973e+00 4.684239625930786133e-01
3.927218019962310791e-01 1.510488539934158325e-01 -5.349361300468444824e-01 2.844130694866180420e-01 -1.935890078544616699e+00 2.001251876354217529e-01
-1.266063451766967773e-01 -1.316774129867553711e+00 -1.060166835784912109e+00 8.654811978340148926e-01 -3.568875789642333984e-01 -2.262093722820281982e-01
-5.740554332733154297e-01 -6.399250030517578125e-01 -1.174064755439758301e+00 7.326050847768783569e-02 2.884191274642944336e-01 6.534736156463623047e-01
-4.742355644702911377e-01 -3.841196298599243164e-01 4.574362337589263916e-01 -1.061304569244384766e+00 -1.346248388290405273e+00 1.047904044389724731e-01
-1.781268864870071411e-01 -1.435667872428894043e+00 -1.500296592712402344e-01 -1.329992651939392090e+00 -5.338521003723144531e-01 -8.795645833015441895e-01
-1.271284818649291992e+00 -8.416353464126586914e-01 -6.649745702743530273e-01 9.458756446838378906e-01 -2.512926459312438965e-01 -1.177798748016357422e+00
2.942168340086936951e-02 -1.180346250534057617e+00 -2.049579620361328125e-01 4.049784243106842041e-01 -1.497279763221740723e+00 7.655226588249206543e-01
8.240247517824172974e-02 -1.329102993011474609e+00 -3.738469779491424561e-01 -1.261309683322906494e-01 -7.667183876037597656e-01 -5.192114040255546570e-02
1.275434970855712891e+00 -2.133704662322998047e+00 -1.250347733497619629e+00 5.633821487426757812e-01 -1.175740599632263184e+00 -2.443903535604476929e-01
-1.411737799644470215e-01 -8.700011372566223145e-01 -5.872462391853332520e-01 5.427685379981994629e-01 -1.361807107925415039e+00 1.377548426389694214e-01
-6.733816266059875488e-01 -8.339650034904479980e-01 -4.536013305187225342e-02 -1.477814078330993652e+00 -2.421656131744384766e+00 6.663418561220169067e-02
-1.671684026718139648e+00 2.841165065765380859e-01 1.695797681808471680e+00 -1.023217961192131042e-01 -8.001348972320556641e-01 -9.016296267509460449e-01
4.988060891628265381e-01 -6.112641692161560059e-01 2.452315539121627808e-01 4.424745142459869385e-01 -7.577099204063415527e-01 -2.315767556428909302e-01
